(37087,59170)
(37089,109719)
(37091,24368)
(37093,51075)
(37095,5693)
(37097,165066)
(37099,40812)
(37101,178396)
(37103,10166)
(37105,59418)
(37107,58782)
(37109,79578)
(37111,44961)
(37113,33919)
(37115,21027)
(37117,23729)
(37119,990288)
(37121,15330)
(37123,27601)
(37125,91743)
(37127,94722)
(37129,213091)
(37131,21011)
(37133,183753)
(37135,138644)
(37137,12982)
(37139,40018)
(37141,55166)
(37143,13498)
(37145,39262)
(37147,173798)
(37149,20327)
(37151,142370)
(37153,46046)
(37155,134871)
(37157,92300)
(37159,138361)
(37161,66865)
(37163,63873)
(37165,35932)
(37167,60586)
(37169,46661)
(37171,73170)
(37173,14163)
(37175,32928)
(37177,4152)
(37179,213422)
(37181,44829)
(37183,976019)
(37185,20468)
(37187,12668)
(37189,52240)
(37191,124355)
(37193,68946)
(37195,81581)
(37197,37971)
(37199,17604)
(38001,2341)
(38003,11097)
(38005,6794)
(38007,969)
(38009,6634)
(38011,3221)
(38013,2208)
(38015,88223)
(38017,162500)
(38019,3890)
(38021,5195)
(38023,2314)
(38025,4195)
(38027,2370)
(38029,3463)
(38031,3366)
(38033,1822)
(38035,68979)
(38037,2362)
(38039,2329)
(38041,2621)
(38043,2430)
(38045,4113)
(38047,1945)
(38049,5817)
(38051,2759)
(38053,9615)
(38055,9451)
(38057,8633)
(38059,28985)
(38061,9253)
(38063,3048)
(38065,1819)
(38067,7206)
(38069,4395)
(38071,11566)
(38073,5453)
(38075,2562)
(38077,16317)
(38079,14498)
(38081,3874)
(38083,1337)
(38085,4380)
(38087,673)
(38089,28628)
(38091,1979)
(38093,21076)
(38095,2294)
(38097,8077)
(38099,11005)
(38101,67736)
(38103,4204)
(38105,29619)
(39001,28229)
(39003,105196)
(39005,53189)
(39007,99777)
(39009,64974)
(39011,45873)
(39013,69560)
(39015,44247)
(39017,372538)
(39019,28361)
(39021,39393)
(39023,136827)
(39025,200285)
(39027,41892)
(39029,105987)
(39031,36724)
(39033,42725)
(39035,1263189)
(39037,52356)
(39039,38669)
(39041,185433)
(39043,76141)
(39045,149112)
(39047,28769)
(39049,1215761)
(39051,42485)
(39053,30565)
(39055,93874)
(39057,164192)
(39059,39626)
(39061,804194)
(39063,75428)
(39065,31736)
(39067,15633)
(39069,28015)
(39071,43170)
(39073,28914)
(39075,43436)
(39077,58937)
(39079,32854)
(39081,68053)
(39083,61004)
(39085,229437)
(39087,61827)
(39089,168693)
(39091,45484)
(39093,303152)
(39095,436261)
(39097,43456)
(39099,234550)
(39101,65943)
(39103,174831)
(39105,23473)
(39107,40863)
(39109,103517)
(39111,14547)
(39113,533763)
(39115,14913)
(39117,34996)
(39119,86016)
(39121,14508)
(39123,41162)
(39125,19165)
(39127,36025)
(39129,56515)
(39131,28396)
(39133,161897)
(39135,41682)
(39137,34184)
(39139,122312)
(39141,77334)
(39143,60187)
(39145,78017)
(39147,55929)
(39149,49067)
(39151,374979)
(39153,541847)
(39155,206373)
(39157,92697)
(39159,53470)
(39161,28576)
(39163,13234)
(39165,219916)
(39167,61351)
(39169,115371)
(39171,37386)
(39173,128885)
(39175,22467)
(40001,22236)
(40003,5755)
(40005,13906)
(40007,5530)
(40009,23300)
(40011,9810)
(40013,44003)
(40015,29495)
(40017,126193)
(40019,48442)
(40021,48097)
(40023,15120)
(40025,2341)
(40027,268614)
(40029,5812)
(40031,125531)
(40033,6112)
(40035,14744)
(40037,70761)
(40039,28978)
(40041,41409)
(40043,4863)
(40045,4121)
(40047,62192)
(40049,27455)
(40051,53612)
(40053,4517)
(40055,6117)
(40057,2866)
(40059,3766)
(40061,12850)
(40063,13785)
(40065,26056)
(40067,6333)
(40069,11022)
(40071,45587)
(40073,15302)
(40075,9302)
(40077,10774)
(40079,49899)
(40081,34504)
(40083,44493)
(40085,9663)
(40087,36512)
(40089,33143)
(40091,20280)
(40093,7700)
(40095,16014)
(40097,41007)
(40099,13733)
(40101,70224)
(40103,11506)
(40105,10555)
(40107,12248)
(40109,754480)
(40111,39446)
(40113,48054)
(40115,32085)
(40117,16499)
(40119,79423)
(40121,44961)
(40123,38055)
(40125,71136)
(40127,11226)
(40129,3780)
(40131,89190)
(40133,25481)
(40135,41464)
(40137,44806)
(40139,21588)
(40141,7715)
(40143,623335)
(40145,75391)
(40147,51760)
(40149,11649)
(40151,9033)
(40153,20986)
(41001,16052)
(41003,86495)
(41005,389438)
(41007,37382)
(41009,49389)
(41011,62775)
(41013,20956)
(41015,22338)
(41017,166622)
(41019,107194)
(41021,1883)
(41023,7276)
(41025,7229)
(41027,22749)
(41029,208363)
(41031,22061)
(41033,83409)
(41035,65972)
(41037,7842)
(41039,357060)
(41041,46347)
(41043,118971)
(41045,30551)
(41047,323259)
(41049,11204)
(41051,768418)
(41053,77264)
(41055,1795)
(41057,25430)
(41059,76738)
(41061,25745)
(41063,6857)
(41065,25492)
(41067,556210)
(41069,1348)
(41071,101119)
(42001,101767)
(42003,1231145)
(42005,67979)
(42007,169785)
(42009,49086)
(42011,413965)
(42013,126448)
(42015,62228)
(42017,626583)
(42019,185689)
(42021,139381)
(42023,4869)
(42025,64634)
(42027,157823)
(42029,509797)
(42031,39454)
(42033,81343)
(42035,39614)
(42037,66912)
(42039,87343)
(42041,241427)
(42043,271094)
(42045,561683)
(42047,31370)
(42049,279858)
(42051,134851)
(42053,7581)
(42055,152285)
(42057,14694)
(42059,37938)
(42061,45906)
(42063,87895)
(42065,44756)
(42067,24829)
(42069,213459)
(42071,530216)
(42073,89162)
(42075,135776)
(42077,356756)
(42079,320095)
(42081,116656)
(42083,42884)
(42085,115320)
(42087,46675)
(42089,167881)
(42091,812970)
(42093,18508)
(42095,299616)
(42097,94006)
(42099,45677)
(42101,1555072)
(42103,56632)
(42105,17377)
(42107,146360)
(42109,40046)
(42111,76617)
(42113,6381)
(42115,42369)
(42117,42284)
(42119,44958)
(42121,53906)
(42123,40962)
(42125,208226)
(42127,51642)
(42129,361251)
(42131,28147)
(42133,439660)
(44001,49176)
(44003,164958)
(44005,82663)
(44007,630459)
(44009,126405)
(45001,24997)
(45003,163908)
(45005,9838)
(45007,191215)
(45009,15432)
(45011,22098)
(45013,171420)
(45015,193613)
(45017,14958)
(45019,372904)
(45021,55863)
(45023,32556)
(45025,46192)
(45027,34178)
(45029,38004)
(45031,67922)
(45033,31435)
(45035,145715)
(45037,26466)
(45039,23108)
(45041,138330)
(45043,60572)
(45045,474903)
(45047,69771)
(45049,20473)
(45051,290730)
(45053,26549)
(45055,62722)
(45057,81263)
(45059,66389)
(45061,18461)
(45063,273843)
(45065,9895)
(45067,32167)
(45069,27993)
(45071,37690)
(45073,74949)
(45075,90575)
(45077,120124)
(45079,397899)
(45081,20000)
(45083,291240)
(45085,107777)
(45087,28125)
(45089,33238)
(45091,240076)
(46003,2729)
(46005,18168)
(46007,3438)
(46009,7013)
(46011,33046)
(46013,38060)
(46015,5330)
(46017,2038)
(46019,10292)
(46021,1548)
(46023,9239)
(46025,3625)
(46027,14011)
(46029,27750)
(46031,4149)
(46033,8394)
(46035,19787)
(46037,5618)
(46039,4341)
(46041,5579)
(46043,2973)
(46045,4018)
(46047,6906)
(46049,2359)
(46051,7227)
(46053,4226)
(46055,2083)
(46057,5982)
(46059,3375)
(46061,3386)
(46063,1328)
(46065,17466)
(46067,7226)
(46069,1413)
(46071,3237)
(46073,2031)
(46075,781)
(46077,5107)
(46079,12086)
(46081,24645)
(46083,49874)
(46085,3837)
(46087,5613)
(46089,2263)
(46091,4701)
(46093,26381)
(46095,2086)
(46097,2306)
(46099,178942)
(46101,6439)
(46102,14153)
(46103,106085)
(46105,2981)
(46107,2307)
(46109,10318)
(46111,2339)
(46115,6570)
(46117,2962)
(46119,1469)
(46121,9942)
(46123,5504)
(46125,8302)
(46127,14842)
(46129,5495)
(46135,22636)
(46137,2833)
(47001,75430)
(47003,45986)
(47005,16261)
(47007,13686)
(47009,125188)
(47011,102062)
(47013,40176)
(47015,13787)
(47017,28353)
(47019,56941)
(47021,39422)
(47023,17324)
(47025,31748)
(47027,7780)
(47029,35321)
(47031,53448)
(47033,14600)
(47035,57455)
(47037,658506)
(47039,11686)
(47041,19038)
(47043,50472)
(47045,38054)
(47047,38814)
(47049,17931)
(47051,41138)
(47053,49572)
(47055,28949)
(47057,22736)
(47059,68576)
(47061,13524)
(47063,62999)
(47065,348121)
(47067,6642)
(47069,26253)
(47071,25900)
(47073,56595)
(47075,18248)
(47077,28013)
(47079,32269)
(47081,24283)
(47083,8290)
(47085,18240)
(47087,11496)
(47089,52490)
(47091,18017)
(47093,444348)
(47095,7687)
(47097,27427)
(47099,42226)
(47101,11944)
(47103,33550)
(47105,50229)
(47107,52506)
(47109,26103)
(47111,22761)
(47113,98184)
(47115,28306)
(47117,31159)
(47119,84089)
(47121,11716)
(47123,45293)
(47125,185980)
(47127,6351)
(47129,21794)
(47131,31129)
(47133,22100)
