(16061,3812)
(16063,5260)
(16065,37916)
(16067,20279)
(16069,39779)
(16071,4245)
(16073,11364)
(16075,22700)
(16077,7731)
(16079,12571)
(16081,10285)
(16083,80004)
(16085,9720)
(16087,10025)
(17001,67081)
(17003,7364)
(17005,17313)
(17007,53851)
(17009,6859)
(17011,34115)
(17013,4999)
(17015,14926)
(17017,13254)
(17019,205766)
(17021,34200)
(17023,16159)
(17025,13582)
(17027,37929)
(17029,53037)
(17031,5236393)
(17033,19541)
(17035,10943)
(17037,104345)
(17039,16388)
(17041,19826)
(17043,930412)
(17045,17992)
(17047,6649)
(17049,34332)
(17051,22136)
(17053,13835)
(17055,39694)
(17057,36323)
(17059,5385)
(17061,13502)
(17063,50277)
(17065,8322)
(17067,18738)
(17069,4228)
(17071,7042)
(17073,49883)
(17075,29053)
(17077,59534)
(17079,9635)
(17081,38578)
(17083,22625)
(17085,22397)
(17087,12829)
(17089,524886)
(17091,112221)
(17093,120036)
(17095,52112)
(17097,702898)
(17099,112579)
(17101,16665)
(17103,35027)
(17105,37689)
(17107,29956)
(17109,32009)
(17111,307357)
(17113,173114)
(17115,109193)
(17117,46844)
(17119,267356)
(17121,38665)
(17123,12173)
(17125,14126)
(17127,15016)
(17129,12611)
(17131,16107)
(17133,33539)
(17135,29348)
(17137,35129)
(17139,14927)
(17141,52397)
(17143,187112)
(17145,21810)
(17147,16495)
(17149,16144)
(17151,4331)
(17153,5871)
(17155,5822)
(17157,33069)
(17159,16127)
(17161,147161)
(17163,267029)
(17165,24783)
(17167,199016)
(17169,7311)
(17171,5198)
(17173,22115)
(17175,5859)
(17177,46625)
(17179,135697)
(17181,17551)
(17183,80368)
(17185,11652)
(17187,17701)
(17189,14457)
(17191,16555)
(17193,14464)
(17195,57525)
(17197,683995)
(17199,67121)
(17201,290439)
(17203,39106)
(18001,34642)
(18003,363453)
(18005,79488)
(18007,8752)
(18009,12476)
(18011,60511)
(18013,15011)
(18015,20014)
(18017,38476)
(18019,113181)
(18021,26686)
(18023,32835)
(18025,10591)
(18027,32411)
(18029,49679)
(18031,26240)
(18033,42449)
(18035,117335)
(18037,42291)
(18039,200685)
(18041,23773)
(18043,75900)
(18045,16888)
(18047,22935)
(18049,20527)
(18051,33668)
(18053,68896)
(18055,32815)
(18057,296635)
(18059,71328)
(18061,39230)
(18063,153435)
(18065,49146)
(18067,82765)
(18069,36863)
(18071,43471)
(18073,33448)
(18075,21255)
(18077,32453)
(18079,28113)
(18081,145645)
(18083,38062)
(18085,77983)
(18087,38084)
(18089,491596)
(18091,111280)
(18093,45814)
(18095,130280)
(18097,926335)
(18099,46962)
(18101,10262)
(18103,36211)
(18105,142404)
(18107,38172)
(18109,69403)
(18111,14057)
(18113,47546)
(18115,6033)
(18117,19725)
(18119,21192)
(18121,17107)
(18123,19414)
(18125,12687)
(18127,166570)
(18129,25567)
(18131,13047)
(18133,37650)
(18135,25596)
(18137,28612)
(18139,16991)
(18141,267246)
(18143,23783)
(18145,44441)
(18147,20856)
(18149,23117)
(18151,34267)
(18153,21111)
(18155,10500)
(18157,180952)
(18159,15573)
(18161,7299)
(18163,181305)
(18165,15860)
(18167,108268)
(18169,32358)
(18171,8367)
(18173,60995)
(18175,27930)
(18177,67866)
(18179,27796)
(18181,24388)
(18183,33330)
(19001,7426)
(19003,3892)
(19005,14060)
(19007,12669)
(19009,5869)
(19011,25803)
(19013,132496)
(19015,26401)
(19017,24539)
(19019,20998)
(19021,20507)
(19023,14966)
(19025,9914)
(19027,20629)
(19029,13590)
(19031,18375)
(19033,43481)
(19035,11853)
(19037,12244)
(19039,9280)
(19041,16537)
(19043,17806)
(19045,48365)
(19047,17252)
(19049,74892)
(19051,8742)
(19053,8249)
(19055,17507)
(19057,40208)
(19059,16967)
(19061,95906)
(19063,9917)
(19065,20589)
(19067,16050)
(19069,10489)
(19071,7106)
(19073,9174)
(19075,12407)
(19077,10740)
(19079,15297)
(19081,11092)
(19083,17393)
(19085,14467)
(19087,20080)
(19089,9494)
(19091,9674)
(19093,7071)
(19095,16344)
(19097,19572)
(19099,36726)
(19101,17318)
(19103,139436)
(19105,20560)
(19107,10291)
(19109,15280)
(19111,35369)
(19113,216640)
(19115,11271)
(19117,8731)
(19119,11723)
(19121,15644)
(19123,22396)
(19125,33248)
(19127,40962)
(19129,14862)
(19131,10762)
(19133,9088)
(19135,8002)
(19137,10465)
(19139,42913)
(19141,14092)
(19143,6211)
(19145,15660)
(19147,9208)
(19149,24853)
(19151,7127)
(19153,452369)
(19155,93213)
(19157,18705)
(19159,5061)
(19161,10101)
(19163,169994)
(19165,11992)
(19167,34509)
(19169,93586)
(19171,17479)
(19173,6213)
(19175,12575)
(19177,7432)
(19179,35315)
(19181,47542)
(19183,22017)
(19185,6384)
(19187,37295)
(19189,10614)
(19191,20884)
(19193,102530)
(19195,7563)
(19197,12936)
(20001,13081)
(20003,7896)
(20005,16633)
(20007,4770)
(20009,27399)
(20011,14812)
(20013,9880)
(20015,66092)
(20017,2722)
(20019,3520)
(20021,20952)
(20023,2682)
(20025,2145)
(20027,8421)
(20029,9339)
(20031,8458)
(20033,2010)
(20035,36079)
(20037,39304)
(20039,2905)
(20041,19516)
(20043,7859)
(20045,114967)
(20047,2991)
(20049,2683)
(20051,28993)
(20053,6410)
(20055,37133)
(20057,34714)
(20059,25753)
(20061,36787)
(20063,2735)
(20065,2593)
(20067,7816)
(20069,6065)
(20071,1224)
(20073,6393)
(20075,2586)
(20077,5861)
(20079,34835)
(20081,4130)
(20083,1939)
(20085,13400)
(20087,18898)
(20089,3038)
(20091,566814)
(20093,3952)
(20095,7790)
(20097,2536)
(20099,21048)
(20101,1674)
(20103,78227)
(20105,3154)
(20107,9528)
(20109,2793)
(20111,33462)
(20113,29252)
(20115,12290)
(20117,10005)
(20119,4383)
(20121,32688)
(20123,6296)
(20125,34184)
(20127,5750)
(20129,3106)
(20131,10159)
(20133,16423)
(20135,3077)
(20137,5590)
(20139,16080)
(20141,3782)
(20143,6048)
(20145,6911)
(20147,5501)
(20149,22625)
(20151,9739)
(20153,2545)
(20155,64058)
(20157,4806)
(20159,10014)
(20161,75022)
(20163,5186)
(20165,3184)
(20167,6988)
(20169,55735)
(20171,4928)
(20173,506529)
(20175,23274)
(20177,178792)
(20179,2531)
(20181,6054)
(20183,3740)
(20185,4320)
(20187,2149)
(20189,5772)
(20191,23638)
(20193,7925)
(20195,2951)
(20197,6997)
(20199,1595)
(20201,5686)
(20203,2204)
(20205,9061)
(20207,3211)
(20209,160806)
(21001,18852)
(21003,20355)
(21005,21761)
(21007,8256)
(21009,42925)
(21011,11978)
(21013,27950)
(21015,124617)
(21017,20013)
(21019,48917)
(21021,29388)
(21023,8425)
(21025,13591)
(21027,20061)
(21029,76961)
(21031,12835)
(21033,12826)
(21035,38106)
(21037,91475)
(21039,4984)
(21041,10830)
(21043,27326)
(21045,15954)
(21047,74159)
(21049,35657)
(21051,21300)
(21053,10188)
(21055,9222)
(21057,6807)
(21059,98173)
(21061,12105)
(21063,7725)
(21065,14476)
(21067,308306)
(21069,14544)
(21071,38649)
(21073,49778)
(21075,6422)
(21077,8567)
(21079,16976)
(21081,24670)
(21083,37502)
(21085,26001)
(21087,11149)
(21089,36477)
(21091,8669)
(21093,107529)
(21095,28400)
(21097,18648)
(21099,18441)
(21101,46396)
(21103,15455)
(21105,4720)
(21107,46518)
(21109,13357)
(21111,755809)
(21113,50328)
(21115,23350)
(21117,163007)
(21119,16000)
(21121,31809)
(21123,14149)
(21125,59751)
(21127,15821)
(21129,7119)
(21131,10997)
(21133,23671)
(21135,13790)
(21137,24498)
(21139,9394)
(21141,26851)
(21143,8402)
(21145,65408)
(21147,18001)
(21149,9500)
(21151,85838)
(21153,12979)
(21155,19717)
(21157,31181)
(21159,12631)
(21161,17296)
(21163,29098)
(21165,6343)
(21167,21342)
(21169,9985)
(21171,10765)
(21173,27167)
(21175,13428)
(21177,31309)
(21179,44564)
(21181,7075)
(21183,24065)
(21185,63037)
(21187,10711)
(21189,4616)
(21191,14514)
(21193,28041)
(21195,63434)
(21197,12447)
(21199,63635)
(21201,2208)
(21203,16942)
(21205,23608)
(21207,17669)
(21209,50178)
(21211,44290)
(21213,17704)
(21215,17577)
(21217,24993)
(21219,12524)
(21221,14250)
(21223,8783)
(21225,15138)
(21227,118950)
(21229,11910)
(21231,20655)
(21233,13357)
(21235,35794)
(21237,7261)
(21239,25317)
(22001,62163)
(22003,25653)
(22005,114738)
(22007,23057)
(22009,41389)
(22011,36259)
(22013,13977)
(22015,123403)
(22017,254742)
(22019,195887)
(22021,9990)
(22023,6706)
(22025,10247)
(22027,16639)
(22029,20449)
(22031,26965)
(22033,444690)
(22035,7501)
(22037,19855)
(22039,33768)
(22041,20550)
(22043,22362)
(22045,73938)
(22047,33229)
(22049,16109)
(22051,435092)
(22053,31434)
(22055,231811)
(22057,97474)
(22059,14899)
(22061,47349)
(22063,133949)
(22065,11873)
(22067,27012)
(22069,39330)
(22071,376738)
(22073,155769)
(22075,23599)
(22077,22498)
(22079,132225)
(22081,8838)
(22083,20777)
(22085,24248)
(22087,42858)
(22089,52639)
(22091,10818)
(22093,21650)
(22095,44161)
(22097,83613)
(22099,53126)
(22101,53441)
(22103,242960)
(22105,125486)
(22107,4893)
(22109,112742)
(22111,22533)
(22113,59110)
(22115,52476)
(22117,46556)
(22119,40617)
(22121,24669)
(22123,11454)
(22125,15415)
(22127,14855)
(23001,107393)
(23003,70005)
(23005,286119)
(23007,30402)
(23009,54658)
(23011,121112)
(23013,39723)
(23015,34156)
(23017,57421)
(23019,153437)
(23021,17156)
(23023,35092)
(23025,51577)
(23027,38976)
(23029,32191)
(23031,199682)
(24001,73549)
(24003,555280)
(24005,822959)
(24009,90114)
(24011,32661)
(24013,167444)
(24015,101960)
(24017,152754)
(24019,32534)
(24021,241373)
(24023,29813)
(24025,248966)
(24027,304115)
(24029,19923)
(24031,1017859)
(24033,892816)
(24035,48600)
(24037,109614)
(24039,25980)
(24041,37799)
(24043,149270)
(24045,101182)
(24047,51519)
(24510,622454)
(25001,214766)
(25003,129288)
(25005,552763)
(25007,17048)
(25009,763849)
(25011,71144)
(25013,468041)
(25015,160759)
(25017,1556116)
(25019,10556)
(25021,687721)
(25023,503681)
(25025,758919)
(25027,810935)
(26001,10550)
(26003,9476)
(26005,112837)
(26007,29068)
(26009,23267)
(26011,15424)
(26013,8690)
(26015,59147)
(26017,106698)
(26019,17437)
(26021,155565)
(26023,43706)
(26025,134790)
(26027,51952)
(26029,26134)
(26031,25690)
(26033,38586)
(26035,30710)
(26037,76905)
(26039,13895)
(26041,36712)
(26043,26012)
(26045,108341)
(26047,33018)
(26049,415874)
(26051,25501)
(26053,15824)
(26055,89907)
(26057,41878)
(26059,46178)
(26061,36660)
(26063,32290)
(26065,283491)
(26067,64064)
(26069,25401)
(26071,11507)
(26073,70669)
(26075,159759)
(26077,256752)
(26079,17230)
(26081,622590)
(26083,2198)
(26085,11426)
(26087,88235)
(26089,21772)
(26091,98902)
(26093,184591)
(26095,6477)
(26097,11044)
(26099,854689)
(26101,24536)
(26103,67582)
(26105,28711)
(26107,43301)
(26109,23717)
(26111,83624)
(26113,14988)
(26115,150436)
(26117,63004)
(26119,9401)
(26121,171483)
(26123,48029)
(26125,1229503)
(26127,26229)
(26129,21222)
(26131,6298)
(26133,23234)
(26135,8444)
(26137,24141)
(26139,273136)
(26141,13037)
(26143,24068)
(26145,196479)
(26147,160429)
(26149,61022)
(26151,42014)
(26153,8288)
