(47135,7864)
(47137,5097)
(47139,16687)
(47141,73810)
(47143,32394)
(47145,53162)
(47147,67426)
(47149,282558)
(47151,22043)
(47153,14592)
(47155,93617)
(47157,937750)
(47159,19136)
(47161,13286)
(47163,156752)
(47165,169623)
(47167,61674)
(47169,7884)
(47171,18069)
(47173,19096)
(47175,5596)
(47177,40015)
(47179,125317)
(47181,16897)
(47183,34415)
(47185,26252)
(47187,199456)
(47189,122445)
(48001,57915)
(48003,16775)
(48005,87748)
(48007,24292)
(48009,8779)
(48011,1943)
(48013,47050)
(48015,28886)
(48017,7126)
(48019,20796)
(48021,76948)
(48023,3628)
(48025,32659)
(48027,326041)
(48029,1825502)
(48031,10723)
(48033,705)
(48035,17971)
(48037,93155)
(48039,331741)
(48041,205271)
(48043,9235)
(48045,1670)
(48047,7221)
(48049,37833)
(48051,17293)
(48053,44144)
(48055,39347)
(48057,21666)
(48059,13532)
(48061,417947)
(48063,12516)
(48065,6068)
(48067,30328)
(48069,7948)
(48071,37251)
(48073,51167)
(48075,7059)
(48077,10479)
(48079,2993)
(48081,3238)
(48083,8536)
(48085,862215)
(48087,3058)
(48089,20757)
(48091,119632)
(48093,13623)
(48095,4086)
(48097,38761)
(48099,76128)
(48101,1510)
(48103,4730)
(48105,3699)
(48107,6007)
(48109,2296)
(48111,7014)
(48113,2485003)
(48115,13542)
(48117,19245)
(48119,5223)
(48121,731851)
(48123,20540)
(48125,2281)
(48127,10682)
(48129,3588)
(48131,11577)
(48133,18328)
(48135,149557)
(48137,1906)
(48139,157058)
(48141,831095)
(48143,40039)
(48145,17410)
(48147,33748)
(48149,24849)
(48151,3858)
(48153,6178)
(48155,1197)
(48157,658331)
(48159,10599)
(48161,19586)
(48163,18168)
(48165,18916)
(48167,308163)
(48169,6410)
(48171,25398)
(48173,1180)
(48175,7410)
(48177,20172)
(48179,22983)
(48181,122780)
(48183,123178)
(48185,26961)
(48187,143460)
(48189,35504)
(48191,3203)
(48193,8266)
(48195,5559)
(48197,3992)
(48199,55375)
(48201,4356362)
(48203,66417)
(48205,6121)
(48207,5853)
(48209,177562)
(48211,4115)
(48213,79016)
(48215,819217)
(48217,34923)
(48219,23322)
(48221,53171)
(48223,35645)
(48225,22949)
(48227,36105)
(48229,3330)
(48231,88052)
(48233,21858)
(48235,1644)
(48237,8946)
(48239,14486)
(48241,35768)
(48243,2232)
(48245,252872)
(48247,5239)
(48249,41461)
(48251,155450)
(48253,19978)
(48255,14879)
(48257,109289)
(48259,37361)
(48261,565)
(48263,821)
(48265,50149)
(48267,4486)
(48269,267)
(48271,3577)
(48273,32029)
(48275,3796)
(48277,49566)
(48279,13742)
(48281,20219)
(48283,7191)
(48285,19549)
(48287,16664)
(48289,16819)
(48291,77486)
(48293,23454)
(48295,3483)
(48297,11873)
(48299,19323)
(48301,117)
(48303,290782)
(48305,5764)
(48307,8273)
(48309,241505)
(48311,778)
(48313,13838)
(48315,10248)
(48317,5252)
(48319,4066)
(48321,36598)
(48323,56548)
(48325,47392)
(48327,2182)
(48329,151290)
(48331,24344)
(48333,4875)
(48335,9169)
(48337,19478)
(48339,502586)
(48341,22281)
(48343,12700)
(48345,1071)
(48347,65531)
(48349,48118)
(48351,14231)
(48353,15061)
(48355,352060)
(48357,10642)
(48359,2071)
(48361,83217)
(48363,27921)
(48365,23900)
(48367,121418)
(48369,10004)
(48371,15807)
(48373,46113)
(48375,122352)
(48377,7304)
(48379,11037)
(48381,126782)
(48383,3598)
(48385,3356)
(48387,12567)
(48389,14179)
(48391,7277)
(48393,931)
(48395,16532)
(48397,85536)
(48399,10445)
(48401,53457)
(48403,10440)
(48405,8695)
(48407,27023)
(48409,66070)
(48411,5893)
(48413,3224)
(48415,17238)
(48417,3352)
(48419,25725)
(48421,3066)
(48423,217552)
(48425,8608)
(48427,62648)
(48429,9452)
(48431,1346)
(48433,1414)
(48435,3966)
(48437,7713)
(48439,1914526)
(48441,134435)
(48443,921)
(48445,12687)
(48447,1545)
(48449,32553)
(48451,115056)
(48453,1121645)
(48455,14405)
(48457,21462)
(48459,40096)
(48461,3405)
(48463,26952)
(48465,48980)
(48467,52736)
(48469,90099)
(48471,69330)
(48473,45847)
(48475,11225)
(48477,34236)
(48479,263251)
(48481,41264)
(48483,5618)
(48485,131957)
(48487,13158)
(48489,22002)
(48491,473592)
(48493,45509)
(48495,7576)
(48497,61243)
(48499,42712)
(48501,8213)
(48503,18329)
(48505,14308)
(48507,12060)
(49001,6461)
(49003,50991)
(49005,117449)
(49007,20927)
(49009,776)
(49011,323374)
(49013,19817)
(49015,10728)
(49017,5069)
(49019,9388)
(49021,47139)
(49023,10400)
(49025,7202)
(49027,12582)
(49029,10276)
(49031,1865)
(49033,2292)
(49035,1078958)
(49037,15152)
(49039,28261)
(49041,20871)
(49043,38521)
(49045,60893)
(49047,35721)
(49049,551957)
(49051,26661)
(49053,148244)
(49055,2722)
(49057,238682)
(50001,36943)
(50003,36589)
(50005,31012)
(50007,159711)
(50009,6207)
(50011,48418)
(50013,6952)
(50015,25027)
(50017,28929)
(50019,27146)
(50021,60530)
(50023,59132)
(50025,43858)
(50027,56150)
(51001,33115)
(51003,103108)
(51005,16066)
(51007,12777)
(51009,32148)
(51011,15208)
(51013,223945)
(51015,74053)
(51017,4583)
(51019,76463)
(51021,6662)
(51023,33155)
(51025,16930)
(51027,23486)
(51029,17068)
(51031,55012)
(51033,29349)
(51035,29856)
(51036,7118)
(51037,12313)
(51041,328176)
(51043,14299)
(51045,5212)
(51047,48424)
(51049,9859)
(51051,15463)
(51053,28110)
(51057,11151)
(51059,1128722)
(51061,67463)
(51063,15523)
(51065,26014)
(51067,56315)
(51069,81340)
(51071,16907)
(51073,37001)
(51075,21721)
(51077,15573)
(51079,18938)
(51081,11760)
(51083,35506)
(51085,101340)
(51087,318864)
(51089,52580)
(51091,2244)
(51093,35740)
(51095,70673)
(51097,7106)
(51099,24933)
(51101,16097)
(51103,11129)
(51105,25206)
(51107,351129)
(51109,33986)
(51111,12558)
(51113,13147)
(51115,8880)
(51117,31555)
(51119,10717)
(51121,96467)
(51125,14858)
(51127,19560)
(51131,12184)
(51133,12304)
(51135,15711)
(51137,34596)
(51139,23843)
(51141,18264)
(51143,62794)
(51145,28207)
(51147,23022)
(51149,37380)
(51153,437271)
(51155,34528)
(51157,7431)
(51159,8989)
(51161,93633)
(51163,22444)
(51165,77785)
(51167,28245)
(51169,22570)
(51171,42724)
(51173,31734)
(51175,18410)
(51177,127691)
(51179,137145)
(51181,6823)
(51183,11864)
(51185,43870)
(51187,38481)
(51191,54759)
(51193,17557)
(51195,40530)
(51197,29190)
(51199,66471)
(51510,149315)
(51520,17524)
(51530,6666)
(51540,45084)
(51550,230601)
(51570,17515)
(51580,5736)
(51590,42450)
(51595,5672)
(51600,23402)
(51610,13308)
(51620,8457)
(51630,27395)
(51640,6876)
(51650,137081)
(51660,51388)
(51670,22279)
(51678,7071)
(51680,78158)
(51683,40743)
(51685,15625)
(51690,13624)
(51700,181323)
(51710,245452)
(51720,4007)
(51730,32123)
(51735,12077)
(51740,96135)
(51750,17057)
(51760,213735)
(51770,98736)
(51775,25165)
(51790,24193)
(51800,86184)
(51810,448290)
(51820,21150)
(51830,14754)
(51840,27168)
(53001,19081)
(53003,22040)
(53005,184930)
(53007,74267)
(53009,72397)
(53011,444506)
(53013,3989)
(53015,102338)
(53017,39599)
(53019,7652)
(53021,86443)
(53023,2230)
(53025,92070)
(53027,71419)
(53029,79329)
(53031,30083)
(53033,2045756)
(53035,255441)
(53037,42204)
(53039,20820)
(53041,75515)
(53043,10363)
(53045,60791)
(53047,41332)
(53049,20645)
(53051,12968)
(53053,821952)
(53055,15956)
(53057,119343)
(53059,11243)
(53061,746653)
(53063,480832)
(53065,43548)
(53067,262723)
(53069,4035)
(53071,59726)
(53073,207100)
(53075,46737)
(53077,247408)
(54001,16731)
(54003,108724)
(54005,24000)
(54007,14466)
(54009,23665)
(54011,96824)
(54013,7557)
(54015,9141)
(54017,8201)
(54019,45534)
(54021,8644)
(54023,11815)
(54025,35666)
(54027,23542)
(54029,30201)
(54031,13936)
(54033,68998)
(54035,29256)
(54037,55214)
(54039,190781)
(54041,16434)
(54043,21560)
(54045,35760)
(54047,20802)
(54049,56790)
(54051,32480)
(54053,27177)
(54055,61891)
(54057,27755)
(54059,25931)
(54061,101668)
(54063,13525)
(54065,17475)
(54067,25930)
(54069,43637)
(54071,7402)
(54073,7636)
(54075,8697)
(54077,33809)
(54079,56596)
(54081,78493)
(54083,29365)
(54085,10140)
(54087,14636)
(54089,13544)
(54091,16977)
(54093,6972)
(54095,9033)
(54097,24560)
(54099,41499)
(54101,8927)
(54103,16157)
(54105,5841)
(54107,86559)
(54109,22866)
(55001,20451)
(55003,15993)
(55005,45686)
(55007,15050)
(55009,254717)
(55011,13319)
(55013,15334)
(55015,49678)
(55017,63209)
(55019,34518)
(55021,56607)
(55023,16483)
(55025,510198)
(55027,88547)
(55029,27731)
(55031,43799)
(55033,44159)
(55035,101281)
(55037,4476)
(55039,101920)
(55041,9150)
(55043,51489)
(55045,37044)
(55047,18966)
(55049,23769)
(55051,5907)
(55053,20543)
(55055,84345)
(55057,26494)
(55059,167738)
(55061,20483)
(55063,117048)
(55065,16835)
(55067,19551)
(55069,28286)
(55071,80521)
(55073,135177)
(55075,41287)
(55077,15140)
(55078,4451)
(55079,955939)
(55081,45274)
(55083,37476)
(55085,35653)
(55087,180430)
(55089,87273)
(55091,7372)
(55093,40799)
(55095,43572)
(55097,70432)
(55099,13800)
(55101,194895)
(55103,17746)
(55105,160727)
(55107,14357)
(55109,86118)
(55111,62992)
(55113,16483)
(55115,41563)
(55117,115226)
(55119,20569)
(55121,29412)
(55123,30279)
(55125,21355)
(55127,103039)
(55129,15700)
(55131,132921)
(55133,393873)
(55135,52125)
(55137,24321)
(55139,169004)
(55141,74012)
(56001,37565)
(56003,11895)
(56005,48013)
(56007,15739)
(56009,14101)
(56011,7229)
(56013,40755)
(56015,13544)
(56017,4809)
(56019,8600)
(56021,95431)
(56023,18316)
(56025,80011)
(56027,2516)
(56029,28985)
(56031,8750)
(56033,29738)
(56035,10117)
(56037,44772)
(56039,22311)
(56041,20930)
(56043,8400)
(56045,7152)
(72001,18962)
(72003,40603)
(72005,57973)
(72007,27693)
(72009,24829)
(72011,28579)
(72013,92511)
(72015,19018)
(72017,24775)
(72019,29805)
(72021,197287)
(72023,50380)
(72025,138262)
(72027,33949)
(72029,47432)
(72031,168114)
(72033,26680)
(72035,46647)
(72037,12810)
(72039,17928)
(72041,42298)
(72043,40293)
(72045,20339)
(72047,35975)
(72049,1557)
(72051,38166)
(72053,34720)
(72054,12408)
(72055,18207)
(72057,43700)
(72059,20442)
(72061,93899)
(72063,46765)
(72065,41578)
(72067,16845)
(72069,56384)
(72071,44438)
(72073,15890)
(72075,49259)
(72077,40104)
(72079,24722)
(72081,28727)
(72083,9306)
(72085,38605)
(72087,28454)
(72089,19497)
(72091,42167)
(72093,6315)
(72095,11701)
(72097,83418)
(72099,38815)
(72101,32294)
(72103,26804)
(72105,29751)
(72107,22595)
(72109,18441)
(72111,22770)
(72113,156054)
(72115,25205)
(72117,14841)
(72119,53029)
(72121,24307)
(72123,30114)
(72125,34125)
(72127,371400)
(72129,39778)
(72131,40471)
(72133,22913)
(72135,74603)
(72137,85242)
(72139,71886)
(72141,31474)
(72143,39319)
(72145,56858)
(72147,9130)
(72149,24685)
(72151,36279)
(72153,39474)
